
Process number	Creation time 	Priority	Scheduled time stamps         		Preemption time stamps        		Completion time

--------------------------------------------------------------------------------------------------------------------------------------------
1             	600           	1       	600  ,                        		608  ,                        		608            

--------------------------------------------------------------------------------------------------------------------------------------------
2             	0             	4       	0    ,200  ,400  ,608  ,      		200  ,400  ,600  ,798  ,      		798            

--------------------------------------------------------------------------------------------------------------------------------------------
3             	798           	3       	798  ,948  ,1098 ,1248 ,      		948  ,1098 ,1248 ,1300 ,      		1300           

--------------------------------------------------------------------------------------------------------------------------------------------
4             	948           	3       	1300 ,1450 ,1600 ,1750 ,      		1450 ,1600 ,1750 ,1776 ,      		1776           

--------------------------------------------------------------------------------------------------------------------------------------------
5             	400           	3       	1776 ,1926 ,2076 ,2226 ,      		1926 ,2076 ,2226 ,2329 ,      		2329           

--------------------------------------------------------------------------------------------------------------------------------------------
6             	2329          	1       	2329 ,2379 ,2429 ,2479 ,2529 ,		2379 ,2429 ,2479 ,2529 ,2579 ,		2876           
              	              	        	2579 ,2629 ,2679 ,2729 ,2779 ,		2629 ,2679 ,2729 ,2779 ,2829 ,		               
              	              	        	2829 ,                        		2876 ,                        		               

--------------------------------------------------------------------------------------------------------------------------------------------
7             	608           	1       	2876 ,2926 ,2976 ,3026 ,3076 ,		2926 ,2976 ,3026 ,3076 ,3126 ,		3453           
              	              	        	3126 ,3176 ,3226 ,3276 ,3326 ,		3176 ,3226 ,3276 ,3326 ,3376 ,		               
              	              	        	3376 ,3426 ,                  		3426 ,3453 ,                  		               

--------------------------------------------------------------------------------------------------------------------------------------------
8             	1300          	2       	3453 ,3553 ,3653 ,3753 ,3853 ,		3553 ,3653 ,3753 ,3853 ,3953 ,		4158           
              	              	        	3953 ,4053 ,4153 ,            		4053 ,4153 ,4158 ,            		               

--------------------------------------------------------------------------------------------------------------------------------------------
9             	1776          	2       	4158 ,4258 ,4358 ,4458 ,4558 ,		4258 ,4358 ,4458 ,4558 ,4658 ,		5054           
              	              	        	4658 ,4758 ,4858 ,4958 ,      		4758 ,4858 ,4958 ,5054 ,      		               

--------------------------------------------------------------------------------------------------------------------------------------------
10            	200           	4       	5054 ,5254 ,5454 ,5654 ,5854 ,		5254 ,5454 ,5654 ,5854 ,5965 ,		5965           